DateTime,Entries,UniqueIPs
1571821285,568,568
1571843578,621,621
1571865613,644,644
1571887471,667,667
1571909334,667,667
1571931399,675,675
1571953493,671,671
1571975340,665,665
1571997404,648,648
1572019460,625,625
1572041588,582,582
1572063885,539,539
1572085970,541,541
1572108043,534,534
1572129932,537,537
1572151983,531,531
1572173856,530,530
1572195899,527,527
1572217992,531,531
1572239837,529,529
1572261889,518,518
1572283969,522,522
1572306045,523,523
1572327898,527,527
1572349742,535,535
1572371788,534,534
1572393722,529,529
1572415711,534,534
1572437559,423,423
1572459644,379,379
1572481703,340,340
1572503571,325,325
1572525627,319,319
1572547492,317,317
1572569557,326,326
1572591729,327,327
1572613964,345,345
1572635824,344,344
1572657863,340,340
1572679712,342,342
1572701555,340,340
1572723632,339,339
1572745717,341,341
1572767774,336,336
1572789773,339,339
1572811961,336,336
1572834032,335,335
1572855916,334,334
1572877998,337,337
1572900037,328,328
1572922123,327,327
1572944202,442,442
1572966301,513,513
1572988336,608,608
1573010444,608,608
1573032796,604,604
1573054992,602,602
1573077160,606,606
1573099352,601,601
1573121326,626,626
1573143388,660,660
1573165383,674,674
1573187316,673,673
1573209161,664,664
1573231240,656,656
1573253322,668,668
1573275372,676,676
1573297392,688,688
1573319312,699,699
1573341398,701,701
1573363244,715,715
1573385544,730,730
1573407406,736,736
1573429458,741,741
1573451319,756,756
1573473449,759,759
1573495366,763,763
1573517555,770,770
1573539635,767,767
1573561486,703,703
1573583578,584,584
1573605630,591,591
1573627713,590,590
1573649774,593,593
1573682923,591,591
1573705012,596,596
1573727055,556,556
1573749142,505,505
1573771224,475,475
1573793064,475,475
1573815172,479,479
1573837350,464,464
1573859325,479,479
1573881635,529,529
1573903694,566,566
1573925561,611,611
1573947615,652,652
1573969724,662,662
1573991782,650,650
1574013752,684,684
1574035711,677,677
1574057563,664,664
1574079661,662,662
1574101949,660,660
1574123797,659,659
1574145868,655,655
1574167946,656,656
1574190151,660,660
1574212137,661,661
1574234444,669,669
1574256521,670,670
1574278361,669,669
1574300447,669,669
1574322520,669,669
1574344596,672,672
1574366477,670,670
1574388555,672,672
1574410824,671,671
1574432678,667,667
1574454561,669,669
1574476833,646,646
1574498913,605,605
1574521007,554,554
1574543017,472,472
1574565177,399,399
1574587507,341,341
1574609789,277,277
1574631684,281,281
1574653968,279,279
1574676272,279,279
1574698134,273,273
1574720430,274,274
1574742286,272,272
1574764364,264,264
1574786447,262,262
1574808498,266,266
1574830618,274,274
1574852561,272,272
1574874761,272,272
1574896825,256,256
1574918680,252,252
1574940767,250,250
1574962841,250,250
1574984911,255,255
1575006757,250,250
1575028987,251,251
1575051002,248,248
1575072997,251,251
1575095112,258,258
1575117147,255,255
1575139234,259,259
1575161077,259,259
1575183195,260,260
1575205475,257,257
1575227331,257,257
1575249384,256,256
1575271248,251,251
1575293580,249,249
1575315617,253,253
1575337464,247,247
1575359324,251,251
1575381373,247,247
1575414354,229,229
1575436355,212,212
1575458425,206,206
1575480565,206,206
1575502617,206,206
1575524659,207,207
1575546526,200,200
1575568572,195,195
1575590492,187,187
1575612565,185,185
1575634586,183,183
1575656710,182,182
1575678769,176,176
1575700819,165,165
1575722679,162,162
1575744754,159,159
1575777906,161,161
1575799959,164,164
1575822036,200,200
1575844106,201,201
1575866211,201,201
1575888252,202,202
1575910366,204,204
1575943481,198,198
1575965557,203,203
1575987735,204,204
1576009689,204,204
1576031537,208,208
1576053650,208,208
1576075953,210,210
1576098129,206,206
1576120131,205,205
1576142436,208,208
1576164284,214,214
1576186359,220,220
1576208421,221,221
1576230289,225,225
1576252359,238,238
1576274547,239,239
1576296512,241,241
1576318357,239,239
1576340438,243,243
1576362538,243,243
1576384837,249,249
1576407167,247,247
1576429017,207,207
1576450918,203,203
1576473173,202,202
1576495238,201,201
1576517292,204,204
1576539169,207,207
1576561213,205,205
1576583058,207,207
1576604916,209,209
1576626970,211,211
1576670943,211,211
1576693228,214,214
1576715072,215,215
1576736916,242,242
1576758990,239,239
1576780846,240,240
1576802913,241,241
1576824997,241,241
1576846907,239,239
1576868934,235,235
1576891217,235,235
1576913072,238,238
1576935166,241,241
1576957233,246,246
1576979315,245,245
1577001408,241,241
1577023525,241,241
1577045541,244,244
1577067630,243,243
1577089702,245,245
1577111566,246,246
1577133617,244,244
1577155473,240,240
1577177315,239,239
1577199183,240,240
1577221332,242,242
1577243321,242,242
1577265397,242,242
1577287449,240,240
1577309337,241,241
1577331392,237,237
1577353484,228,228
1577375536,226,226
1577397385,223,223
1577430291,223,223
1577452367,221,221
1577474223,220,220
1577496256,221,221
1577518105,219,219
1577540183,221,221
1577562035,208,208
1577584102,207,207
1577606170,207,207
1577628225,214,214
1577650107,216,216
1577672013,225,225
1577694273,241,241
1577716354,252,252
1577738500,254,254
1577760757,256,256
1577793945,251,251
1577815943,247,247
1577838030,254,254
1577860150,255,255
1577882451,258,258
1577904493,259,259
1577926338,255,255
1577948191,277,277
1577970147,291,291
1577992121,291,291
1578014181,289,289
1578036049,289,289
1578057906,243,243
1578079937,240,240
1578102023,244,244
1578124114,244,244
1578146717,248,248
1578168782,249,249
1578190832,250,250
1578212692,250,250
1578234745,230,230
1578256594,230,230
1578278440,220,220
1578300512,209,209
1578322360,201,201
1578344736,202,202
1578367010,199,199
1578389051,203,203
1578411154,208,208
1578433246,218,218
1578455341,214,214
1578477394,213,213
1578499517,219,219
1578521786,223,223
1578543640,217,217
1578565707,225,225
1578587550,222,222
1578609665,224,224
1578631691,226,226
1578653776,257,257
1578686686,276,276
1578708737,279,279
1578730858,284,284
1578752908,280,280
1578774753,280,280
1578796823,282,282
1578818683,283,283
1578840728,285,285
1578862571,288,288
1578895718,292,292
1578917569,293,293
1578939635,292,292
1578961705,293,293
1578983569,287,287
1579005615,331,331
1579027475,482,482
1579049318,803,803
1579071376,818,818
1579093600,818,818
1579115558,817,817
1579137696,817,817
1579159719,811,811
1579181773,806,806
1579203617,806,806
1579225466,809,809
1579247320,802,802
1579269161,791,791
1579302391,777,777
1579324337,778,778
1579346193,775,775
1579368052,773,773
1579390088,772,772
1579411934,772,772
1579433791,770,770
1579455896,769,769
1579477954,764,764
1579500283,769,769
1579522352,780,780
1579544443,777,777
1579566514,777,777
1579588573,777,777
1579610662,720,720
1579632734,554,554
1579654597,218,218
1579676525,210,210
1579698499,206,206
1579720341,200,200
1579742447,191,191
1579764291,185,185
1579786364,267,267
1579808423,492,492
1579830503,756,756
1579852572,752,752
1579874583,751,751
1579896528,752,752
1579918576,751,751
1579940425,754,754
1579962271,755,755
1579984363,758,758
1580006413,757,757
1580028259,763,763
1580050109,761,761
1580072209,761,761
1580094309,761,761
1580116166,746,746
1580138202,754,754
1580160273,755,755
1580182337,758,758
1580204194,759,759
1580226300,759,759
1580248327,759,759
1580270199,760,760
1580303123,763,763
1580325159,768,768
1580347208,765,765
1580369065,767,767
1580390912,765,765
1580412759,763,763
1580434817,769,769
1580456678,772,772
1580478736,775,775
1580500592,777,777
1580522597,772,772
1580544751,774,774
1580566629,774,774
1580588673,774,774
1580610734,777,777
1580632598,775,775
1580654653,719,719
1580676744,619,619
1580699200,499,499
1580721156,283,283
1580743478,103,103
1580765536,100,100
1580787505,100,100
1580809467,100,100
1580831321,100,100
1580853378,96,96
1580875322,97,97
1580897315,98,98
1580919382,98,98
1580941232,101,101
1580963292,106,106
1580985137,104,104
1581007214,107,107
1581029061,99,99
1581050911,96,96
1581072769,96,96
1581094971,92,92
1581116815,94,94
1581138734,95,95
1581160829,95,95
1581182891,91,91
1581204736,91,91
1581226597,92,92
1581248656,94,94
1581270512,116,116
1581292353,119,119
1581325533,119,119
1581347558,117,117
1581369411,114,114
1581391479,111,111
1581413554,114,114
1581435614,117,117
1581457471,117,117
1581479535,118,118
1581501385,113,113
1581523364,110,110
1581545324,106,106
1581567242,105,105
1581589246,113,113
1581611290,187,187
1581633138,274,274
1581655214,331,331
1581677057,388,388
1581698918,438,438
1581720765,471,471
1581743007,494,494
1581764901,500,500
1581786749,502,502
1581808815,503,503
1581830897,502,502
1581852785,500,500
1581874822,481,481
1581896665,477,477
1581918731,485,485
1581940588,485,485
1581962681,487,487
1581984768,489,489
1582006813,488,488
1582028685,489,489
1582050734,489,489
1582072591,489,489
1582094655,492,492
1582116742,493,493
1582138592,499,499
1582160616,501,501
1582182508,499,499
1582204643,495,495
1582226671,470,470
1582248514,435,435
1582270362,415,415
1582292416,348,348
1582314258,275,275
1582336112,208,208
1582358177,138,138
1582390976,136,136
1582413157,140,140
1582435214,141,141
1582457097,144,144
1582479145,152,152
1582500986,158,158
1582523050,156,156
1582544918,161,161
1582567010,160,160
1582588936,189,189
1582610894,189,189
1582632756,190,190
1582654616,187,187
1582676676,194,194
1582698550,200,200
1582720585,201,201
1582742672,199,199
1582764747,196,196
1582786980,195,195
1582808907,191,191
1582830984,217,217
1582852829,214,214
1582874907,213,213
1582896755,211,211
1582918813,214,214
1582940669,212,212
1582962740,220,220
